11100011	//MOV
10100000
00000000
00010100
11100001	//MVN
11100000
10010000
00000110
11100000	//Add
10010010
00110000
00000010
11100000	//sub
01000100
01010001
00000100
11100000	//and
00000111
10000000
00000011
11100000	//EOR
00100100
10100000
00000101
11100001	//ORR
10000010
01110001
01000101
11100000	//SBC
11000010
01100000
10100010
11100000	//AdC
10100011
01000000
00000011
11100001	//CMP
01011000
00000000
00000011
11100001	//TST
00011001
00000000
00001000
11100100	//STR
10000000
00110000
00000001
11100100	//LdR
10010000
10110000
00000000
11100100	//BLT
10010000
10110000
00000000